
0 1
1 1
2 1
3 1
4 1
5 1
6 1
7 1
8 1
9 1
10 1
11 1
12 1
13 1
14 1
15 1
16 1
17 1
18 1
19 1
20 1
21 1
22 1
23 1
24 1
25 1
26 1
27 1
28 1
29 1
30 1
31 1
32 1
33 1
34 1
35 1
36 1
37 1
38 1
39 1
40 1
41 1
42 1
43 1
44 1
45 1
46 1
47 1
48 1
49 1
50 1
51 1
52 1
53 1
54 1
55 .99000000000000000000
56 .97000000000000000000
57 .95000000000000000000
58 .95000000000000000000
59 .94000000000000000000
60 .94000000000000000000
61 .93000000000000000000
62 .92000000000000000000
63 .90000000000000000000
64 .90000000000000000000
65 .89000000000000000000
66 .88000000000000000000
67 .85000000000000000000
68 .84000000000000000000
69 .83000000000000000000
70 .80000000000000000000
71 .77000000000000000000
72 .76000000000000000000
73 .74000000000000000000
74 .70000000000000000000
75 .62000000000000000000
76 .61000000000000000000
77 .56000000000000000000
78 .52000000000000000000
79 .47000000000000000000
80 .44000000000000000000
81 .42000000000000000000
82 .39000000000000000000
83 .33000000000000000000
84 .30000000000000000000
85 .26000000000000000000
86 .25000000000000000000
87 .23000000000000000000
88 .21000000000000000000
89 .18000000000000000000
90 .18000000000000000000
91 .16000000000000000000
92 .13000000000000000000
93 .10000000000000000000
94 .08000000000000000000
95 .07000000000000000000
96 .06000000000000000000
97 .06000000000000000000
98 .06000000000000000000
99 .06000000000000000000
100 0
