
0 1
1 1
2 1
3 1
4 1
5 1
6 1
7 1
8 1
9 1
10 1
11 1
12 1
13 1
14 1
15 1
16 1
17 1
18 1
19 1
20 1
21 1
22 1
23 1
24 1
25 1
26 1
27 1
28 1
29 1
30 1
31 1
32 1
33 1
34 1
35 1
36 1
37 1
38 1
39 1
40 1
41 1
42 1
43 1
44 1
45 1
46 1
47 1
48 1
49 1
50 1
51 1
52 1
53 1
54 1
55 .96000000000000000000
56 .94000000000000000000
57 .93000000000000000000
58 .91000000000000000000
59 .89000000000000000000
60 .84000000000000000000
61 .82000000000000000000
62 .80000000000000000000
63 .77000000000000000000
64 .75000000000000000000
65 .74000000000000000000
66 .72000000000000000000
67 .65000000000000000000
68 .61000000000000000000
69 .55000000000000000000
70 .55000000000000000000
71 .49000000000000000000
72 .49000000000000000000
73 .41000000000000000000
74 .35000000000000000000
75 .31000000000000000000
76 .25000000000000000000
77 .21000000000000000000
78 .19000000000000000000
79 .12000000000000000000
80 .10000000000000000000
81 .09000000000000000000
82 .08000000000000000000
83 .07000000000000000000
84 .06000000000000000000
85 .03000000000000000000
86 .03000000000000000000
87 .02000000000000000000
88 .02000000000000000000
89 .02000000000000000000
90 .01000000000000000000
91 0
92 0
93 0
94 0
95 0
96 0
97 0
98 0
99 0
100 0
