
0 1
1 1
2 1
3 1
4 1
5 1
6 1
7 1
8 1
9 1
10 1
11 1
12 1
13 1
14 1
15 1
16 1
17 1
18 1
19 1
20 1
21 1
22 1
23 1
24 1
25 1
26 1
27 1
28 1
29 1
30 1
31 1
32 1
33 1
34 1
35 1
36 1
37 1
38 1
39 1
40 1
41 1
42 1
43 1
44 1
45 1
46 1
47 1
48 1
49 1
50 1
51 1
52 1
53 1
54 1
55 1
56 1
57 1
58 1
59 1
60 1.00000000000000000000
61 1.00000000000000000000
62 1.00000000000000000000
63 .99000000000000000000
64 .99000000000000000000
65 .99000000000000000000
66 .99000000000000000000
67 .99000000000000000000
68 .99000000000000000000
69 .98000000000000000000
70 .98000000000000000000
71 .98000000000000000000
72 .96000000000000000000
73 .96000000000000000000
74 .96000000000000000000
75 .95000000000000000000
76 .91000000000000000000
77 .88000000000000000000
78 .86000000000000000000
79 .84000000000000000000
80 .81000000000000000000
81 .78000000000000000000
82 .73000000000000000000
83 .67000000000000000000
84 .61000000000000000000
85 .57000000000000000000
86 .56000000000000000000
87 .47000000000000000000
88 .39000000000000000000
89 .34000000000000000000
90 .27000000000000000000
91 0
92 0
93 0
94 0
95 0
96 0
97 0
98 0
99 0
100 0
