
0 1
1 1
2 1
3 1
4 1
5 1
6 1
7 1
8 1
9 1
10 1
11 1
12 1
13 1
14 1
15 1
16 1
17 1
18 1
19 1
20 1
21 1
22 1
23 1
24 1
25 1
26 1
27 1
28 1
29 1
30 1
31 1
32 1
33 1
34 1
35 1
36 1
37 1
38 1
39 1
40 1
41 1
42 1
43 1
44 1
45 1
46 1
47 1
48 1
49 1
50 1.00000000000000000000
51 1.00000000000000000000
52 1.00000000000000000000
53 1.00000000000000000000
54 1.00000000000000000000
55 1.00000000000000000000
56 1.00000000000000000000
57 .99000000000000000000
58 .98000000000000000000
59 .98000000000000000000
60 .97000000000000000000
61 .97000000000000000000
62 .97000000000000000000
63 .97000000000000000000
64 .96000000000000000000
65 .93000000000000000000
66 .91000000000000000000
67 .89000000000000000000
68 .86000000000000000000
69 .81000000000000000000
70 .80000000000000000000
71 .79000000000000000000
72 .77000000000000000000
73 .70000000000000000000
74 .64000000000000000000
75 .58000000000000000000
76 .53000000000000000000
77 .46000000000000000000
78 .42000000000000000000
79 .35000000000000000000
80 .31000000000000000000
81 .24000000000000000000
82 .20000000000000000000
83 .15000000000000000000
84 .13000000000000000000
85 .10000000000000000000
86 .06000000000000000000
87 .04000000000000000000
88 .04000000000000000000
89 .01000000000000000000
90 .01000000000000000000
91 0
92 0
93 0
94 0
95 0
96 0
97 0
98 0
99 0
100 0
