
20 1.00000000000000000000
21 1.00000000000000000000
22 .99000000000000000000
23 .98000000000000000000
24 .97000000000000000000
25 .94000000000000000000
26 .93000000000000000000
27 .91000000000000000000
28 .90000000000000000000
29 .87000000000000000000
30 .86000000000000000000
31 .84000000000000000000
32 .81000000000000000000
33 .79000000000000000000
34 .77000000000000000000
35 .73000000000000000000
36 .73000000000000000000
37 .73000000000000000000
38 .70000000000000000000
39 .66000000000000000000
40 .63000000000000000000
41 .59000000000000000000
42 .54000000000000000000
43 .53000000000000000000
44 .52000000000000000000
45 .49000000000000000000
46 .47000000000000000000
47 .43000000000000000000
48 .39000000000000000000
49 .34000000000000000000
50 .32000000000000000000
51 .29000000000000000000
52 .27000000000000000000
53 .26000000000000000000
54 .22000000000000000000
55 .20000000000000000000
56 .18000000000000000000
57 .17000000000000000000
58 .14000000000000000000
59 .13000000000000000000
60 .11000000000000000000
61 .07000000000000000000
62 .07000000000000000000
63 .07000000000000000000
64 .03000000000000000000
65 .02000000000000000000
66 .02000000000000000000
67 .01000000000000000000
68 .01000000000000000000
69 .01000000000000000000
70 .01000000000000000000
71 .01000000000000000000
72 .01000000000000000000
73 0
74 0
75 0
76 0
77 0
78 0
79 0
80 0
0 1
1 1
2 1
3 1
4 1
5 1
6 1
7 1
8 1
9 1
10 1
11 1
12 1
13 1
14 1
15 1
16 1
17 1
18 1
19 1
81 0
82 0
83 0
84 0
85 0
86 0
87 0
88 0
89 0
90 0
91 0
92 0
93 0
94 0
95 0
96 0
97 0
98 0
99 0
100 0
