
0 1
1 1.00000000000000000000
2 1.00000000000000000000
3 1.00000000000000000000
4 1.00000000000000000000
5 1.00000000000000000000
6 1.00000000000000000000
7 1.00000000000000000000
8 1.00000000000000000000
9 1.00000000000000000000
10 1.00000000000000000000
11 1.00000000000000000000
12 1.00000000000000000000
13 1.00000000000000000000
14 1.00000000000000000000
15 1.00000000000000000000
16 1.00000000000000000000
17 1.00000000000000000000
18 1.00000000000000000000
19 1.00000000000000000000
20 1.00000000000000000000
21 1.00000000000000000000
22 1.00000000000000000000
23 1.00000000000000000000
24 1.00000000000000000000
25 1.00000000000000000000
26 1.00000000000000000000
27 1.00000000000000000000
28 1.00000000000000000000
29 1.00000000000000000000
30 1.00000000000000000000
31 1.00000000000000000000
32 1.00000000000000000000
33 1.00000000000000000000
34 1.00000000000000000000
35 1.00000000000000000000
36 1.00000000000000000000
37 1.00000000000000000000
38 1.00000000000000000000
39 1.00000000000000000000
40 1.00000000000000000000
41 1.00000000000000000000
42 1.00000000000000000000
43 1.00000000000000000000
44 1.00000000000000000000
45 1.00000000000000000000
46 1.00000000000000000000
47 1.00000000000000000000
48 1.00000000000000000000
49 1.00000000000000000000
50 1.00000000000000000000
51 1.00000000000000000000
52 1.00000000000000000000
53 1.00000000000000000000
54 .97000000000000000000
55 .96000000000000000000
56 .94000000000000000000
57 .93000000000000000000
58 .91000000000000000000
59 .89000000000000000000
60 .84000000000000000000
61 .82000000000000000000
62 .80000000000000000000
63 .77000000000000000000
64 .75000000000000000000
65 .74000000000000000000
66 .72000000000000000000
67 .65000000000000000000
68 .61000000000000000000
69 .55000000000000000000
70 .55000000000000000000
71 .49000000000000000000
72 .49000000000000000000
73 .41000000000000000000
74 .35000000000000000000
75 .31000000000000000000
76 .25000000000000000000
77 .21000000000000000000
78 .19000000000000000000
79 .12000000000000000000
80 .10000000000000000000
81 .09000000000000000000
82 .08000000000000000000
83 .07000000000000000000
84 .06000000000000000000
85 .03000000000000000000
86 .03000000000000000000
87 .02000000000000000000
88 .02000000000000000000
89 .02000000000000000000
90 .01000000000000000000
91 0
92 0
93 0
94 0
95 0
96 0
97 0
98 0
99 0
100 0
