
0 1
1 1.00000000000000000000
2 1.00000000000000000000
3 1.00000000000000000000
4 1.00000000000000000000
5 1.00000000000000000000
6 1.00000000000000000000
7 1.00000000000000000000
8 1.00000000000000000000
9 1.00000000000000000000
10 1.00000000000000000000
11 1.00000000000000000000
12 1.00000000000000000000
13 1.00000000000000000000
14 1.00000000000000000000
15 1.00000000000000000000
16 1.00000000000000000000
17 1.00000000000000000000
18 1.00000000000000000000
19 1.00000000000000000000
20 1.00000000000000000000
21 1.00000000000000000000
22 1.00000000000000000000
23 1.00000000000000000000
24 1.00000000000000000000
25 1.00000000000000000000
26 1.00000000000000000000
27 1.00000000000000000000
28 1.00000000000000000000
29 1.00000000000000000000
30 1.00000000000000000000
31 1.00000000000000000000
32 1.00000000000000000000
33 1.00000000000000000000
34 1.00000000000000000000
35 1.00000000000000000000
36 1.00000000000000000000
37 1.00000000000000000000
38 1.00000000000000000000
39 1.00000000000000000000
40 1.00000000000000000000
41 1.00000000000000000000
42 1.00000000000000000000
43 1.00000000000000000000
44 1.00000000000000000000
45 1.00000000000000000000
46 1.00000000000000000000
47 1.00000000000000000000
48 1.00000000000000000000
49 1.00000000000000000000
50 1.00000000000000000000
51 1.00000000000000000000
52 1.00000000000000000000
53 1.00000000000000000000
54 1.00000000000000000000
55 .99000000000000000000
56 .97000000000000000000
57 .95000000000000000000
58 .95000000000000000000
59 .94000000000000000000
60 .94000000000000000000
61 .93000000000000000000
62 .92000000000000000000
63 .90000000000000000000
64 .90000000000000000000
65 .89000000000000000000
66 .88000000000000000000
67 .85000000000000000000
68 .84000000000000000000
69 .83000000000000000000
70 .80000000000000000000
71 .77000000000000000000
72 .76000000000000000000
73 .74000000000000000000
74 .70000000000000000000
75 .62000000000000000000
76 .61000000000000000000
77 .56000000000000000000
78 .52000000000000000000
79 .47000000000000000000
80 .44000000000000000000
81 .42000000000000000000
82 .39000000000000000000
83 .33000000000000000000
84 .30000000000000000000
85 .26000000000000000000
86 .25000000000000000000
87 .23000000000000000000
88 .21000000000000000000
89 .18000000000000000000
90 .18000000000000000000
91 .16000000000000000000
92 .13000000000000000000
93 .10000000000000000000
94 .08000000000000000000
95 .07000000000000000000
96 .06000000000000000000
97 .06000000000000000000
98 .06000000000000000000
99 .06000000000000000000
100 0
