
0 1
1 1
2 1
3 1
4 1
5 1
6 1
7 1
8 1
9 1
10 1
11 1
12 1
13 1
14 1
15 1
16 1
17 1
18 1
19 1
20 1.00000000000000000000
21 1.00000000000000000000
22 1.00000000000000000000
23 .98000000000000000000
24 .98000000000000000000
25 .95000000000000000000
26 .94000000000000000000
27 .93000000000000000000
28 .90000000000000000000
29 .89000000000000000000
30 .86000000000000000000
31 .86000000000000000000
32 .83000000000000000000
33 .79000000000000000000
34 .78000000000000000000
35 .76000000000000000000
36 .73000000000000000000
37 .73000000000000000000
38 .73000000000000000000
39 .69000000000000000000
40 .65000000000000000000
41 .63000000000000000000
42 .59000000000000000000
43 .54000000000000000000
44 .53000000000000000000
45 .52000000000000000000
46 .50000000000000000000
47 .46000000000000000000
48 .44000000000000000000
49 .40000000000000000000
50 .35000000000000000000
51 .32000000000000000000
52 .30000000000000000000
53 .28000000000000000000
54 .28000000000000000000
55 .23000000000000000000
56 .21000000000000000000
57 .20000000000000000000
58 .17000000000000000000
59 .15000000000000000000
60 .13000000000000000000
61 .13000000000000000000
62 .11000000000000000000
63 .10000000000000000000
64 .09000000000000000000
65 .07000000000000000000
66 .04000000000000000000
67 .02000000000000000000
68 .01000000000000000000
69 .01000000000000000000
70 .01000000000000000000
71 .01000000000000000000
72 .01000000000000000000
73 .01000000000000000000
74 .01000000000000000000
75 0
76 0
77 0
78 0
79 0
80 0
81 0
82 0
83 0
84 0
85 0
86 0
87 0
88 0
89 0
90 0
91 0
92 0
93 0
94 0
95 0
96 0
97 0
98 0
99 0
100 0
