
0 1
1 1
2 1
3 1
4 1
5 1
6 1
7 1
8 1
9 1
10 1
11 1
12 1
13 1
14 1
15 1
16 1
17 1
18 1
19 1
20 1
21 1
22 1
23 1
24 1
25 1
26 1
27 1
28 1
29 1
30 1
31 1
32 1
33 1
34 1
35 1
36 1
37 1
38 1
39 1
40 1
41 1
42 1
43 1
44 1
45 1
46 1
47 1
48 1
49 1
50 1.00000000000000000000
51 1.00000000000000000000
52 1.00000000000000000000
53 1.00000000000000000000
54 1.00000000000000000000
55 .99000000000000000000
56 .95000000000000000000
57 .94000000000000000000
58 .93000000000000000000
59 .90000000000000000000
60 .89000000000000000000
61 .88000000000000000000
62 .81000000000000000000
63 .79000000000000000000
64 .77000000000000000000
65 .75000000000000000000
66 .71000000000000000000
67 .68000000000000000000
68 .65000000000000000000
69 .63000000000000000000
70 .56000000000000000000
71 .52000000000000000000
72 .50000000000000000000
73 .44000000000000000000
74 .40000000000000000000
75 .35000000000000000000
76 .28000000000000000000
77 .19000000000000000000
78 .14000000000000000000
79 .12000000000000000000
80 .09000000000000000000
81 .08000000000000000000
82 .07000000000000000000
83 .06000000000000000000
84 .05000000000000000000
85 .04000000000000000000
86 .01000000000000000000
87 .01000000000000000000
88 .01000000000000000000
89 .01000000000000000000
90 0
91 0
92 0
93 0
94 0
95 0
96 0
97 0
98 0
99 0
100 0
