
0 1
1 1
2 1
3 1
4 1
5 1
6 1
7 1
8 1
9 1
10 1
11 1
12 1
13 1
14 1
15 1
16 1
17 1
18 1
19 1
20 1
21 1
22 1
23 1
24 1
25 1
26 1
27 1
28 1
29 1
30 1
31 1
32 1
33 1
34 1
35 1
36 1
37 1
38 1
39 1
40 1
41 1
42 1
43 1
44 1
45 1
46 1
47 1
48 1
49 1
50 1.00000000000000000000
51 1.00000000000000000000
52 1.00000000000000000000
53 .97000000000000000000
54 .95000000000000000000
55 .93000000000000000000
56 .92000000000000000000
57 .91000000000000000000
58 .88000000000000000000
59 .82000000000000000000
60 .81000000000000000000
61 .78000000000000000000
62 .76000000000000000000
63 .73000000000000000000
64 .69000000000000000000
65 .68000000000000000000
66 .61000000000000000000
67 .55000000000000000000
68 .52000000000000000000
69 .51000000000000000000
70 .46000000000000000000
71 .40000000000000000000
72 .31000000000000000000
73 .26000000000000000000
74 .24000000000000000000
75 .17000000000000000000
76 .12000000000000000000
77 .11000000000000000000
78 .08000000000000000000
79 .08000000000000000000
80 .06000000000000000000
81 .06000000000000000000
82 .05000000000000000000
83 .02000000000000000000
84 .01000000000000000000
85 .01000000000000000000
86 .01000000000000000000
87 .01000000000000000000
88 0
89 0
90 0
91 0
92 0
93 0
94 0
95 0
96 0
97 0
98 0
99 0
100 0
