
0 1
1 1
2 1
3 1
4 1
5 1
6 1
7 1
8 1
9 1
10 1
11 1
12 1
13 1
14 1
15 1
16 1
17 1
18 1
19 1
20 1
21 1
22 1
23 1
24 1
25 1
26 1
27 1
28 1
29 1
30 1
31 1
32 1
33 1
34 1
35 1
36 1
37 1
38 1
39 1
40 1
41 1
42 1
43 1
44 1
45 1
46 1
47 1
48 1
49 1
50 1.00000000000000000000
51 1.00000000000000000000
52 1.00000000000000000000
53 1.00000000000000000000
54 1.00000000000000000000
55 1.00000000000000000000
56 1.00000000000000000000
57 1.00000000000000000000
58 1.00000000000000000000
59 1.00000000000000000000
60 1.00000000000000000000
61 1.00000000000000000000
62 1.00000000000000000000
63 1.00000000000000000000
64 1.00000000000000000000
65 1.00000000000000000000
66 1.00000000000000000000
67 1.00000000000000000000
68 .97000000000000000000
69 .94000000000000000000
70 .89000000000000000000
71 .77000000000000000000
72 .64000000000000000000
73 .50000000000000000000
74 .40000000000000000000
75 .31000000000000000000
76 .20000000000000000000
77 .17000000000000000000
78 .13000000000000000000
79 .05000000000000000000
80 .02000000000000000000
81 .02000000000000000000
82 .01000000000000000000
83 0
84 0
85 0
86 0
87 0
88 0
89 0
90 0
91 0
92 0
93 0
94 0
95 0
96 0
97 0
98 0
99 0
100 0
