
0 1
1 1.00000000000000000000
2 1.00000000000000000000
3 1.00000000000000000000
4 1.00000000000000000000
5 1.00000000000000000000
6 1.00000000000000000000
7 1.00000000000000000000
8 1.00000000000000000000
9 1.00000000000000000000
10 .99000000000000000000
11 .98000000000000000000
12 .97000000000000000000
13 .94000000000000000000
14 .90000000000000000000
15 .89000000000000000000
16 .84000000000000000000
17 .82000000000000000000
18 .76000000000000000000
19 .76000000000000000000
20 .73000000000000000000
21 .70000000000000000000
22 .63000000000000000000
23 .60000000000000000000
24 .55000000000000000000
25 .49000000000000000000
26 .48000000000000000000
27 .43000000000000000000
28 .40000000000000000000
29 .38000000000000000000
30 .35000000000000000000
31 .33000000000000000000
32 .32000000000000000000
33 .28000000000000000000
34 .25000000000000000000
35 .23000000000000000000
36 .21000000000000000000
37 .18000000000000000000
38 .17000000000000000000
39 .17000000000000000000
40 .17000000000000000000
41 .16000000000000000000
42 .15000000000000000000
43 .12000000000000000000
44 .11000000000000000000
45 .11000000000000000000
46 .10000000000000000000
47 .08000000000000000000
48 .08000000000000000000
49 .07000000000000000000
50 .06000000000000000000
51 .06000000000000000000
52 .06000000000000000000
53 .06000000000000000000
54 .06000000000000000000
55 .05000000000000000000
56 .05000000000000000000
57 .04000000000000000000
58 .03000000000000000000
59 .03000000000000000000
60 .03000000000000000000
61 .01000000000000000000
62 .01000000000000000000
63 .01000000000000000000
64 0
65 0
66 0
67 0
68 0
69 0
70 0
71 0
72 0
73 0
74 0
75 0
76 0
77 0
78 0
79 0
80 0
81 0
82 0
83 0
84 0
85 0
86 0
87 0
88 0
89 0
90 0
91 0
92 0
93 0
94 0
95 0
96 0
97 0
98 0
99 0
100 0
