
0 1
1 1.00000000000000000000
2 1.00000000000000000000
3 1.00000000000000000000
4 1.00000000000000000000
5 1.00000000000000000000
6 1.00000000000000000000
7 1.00000000000000000000
8 1.00000000000000000000
9 1.00000000000000000000
10 1.00000000000000000000
11 1.00000000000000000000
12 1.00000000000000000000
13 1.00000000000000000000
14 1.00000000000000000000
15 1.00000000000000000000
16 1.00000000000000000000
17 1.00000000000000000000
18 1.00000000000000000000
19 1.00000000000000000000
20 1.00000000000000000000
21 1.00000000000000000000
22 1.00000000000000000000
23 1.00000000000000000000
24 1.00000000000000000000
25 1.00000000000000000000
26 1.00000000000000000000
27 1.00000000000000000000
28 1.00000000000000000000
29 1.00000000000000000000
30 1.00000000000000000000
31 1.00000000000000000000
32 1.00000000000000000000
33 1.00000000000000000000
34 1.00000000000000000000
35 1.00000000000000000000
36 1.00000000000000000000
37 1.00000000000000000000
38 1.00000000000000000000
39 1.00000000000000000000
40 1.00000000000000000000
41 1.00000000000000000000
42 1.00000000000000000000
43 1.00000000000000000000
44 1.00000000000000000000
45 1.00000000000000000000
46 1.00000000000000000000
47 1.00000000000000000000
48 1.00000000000000000000
49 1.00000000000000000000
50 1.00000000000000000000
51 1.00000000000000000000
52 1.00000000000000000000
53 1.00000000000000000000
54 1.00000000000000000000
55 1.00000000000000000000
56 1.00000000000000000000
57 1.00000000000000000000
58 1.00000000000000000000
59 1.00000000000000000000
60 1.00000000000000000000
61 .99000000000000000000
62 .99000000000000000000
63 .98000000000000000000
64 .97000000000000000000
65 .97000000000000000000
66 .97000000000000000000
67 .96000000000000000000
68 .94000000000000000000
69 .94000000000000000000
70 .92000000000000000000
71 .91000000000000000000
72 .88000000000000000000
73 .85000000000000000000
74 .85000000000000000000
75 .83000000000000000000
76 .81000000000000000000
77 .77000000000000000000
78 .72000000000000000000
79 .68000000000000000000
80 .64000000000000000000
81 .58000000000000000000
82 .52000000000000000000
83 .49000000000000000000
84 .44000000000000000000
85 .36000000000000000000
86 .34000000000000000000
87 .31000000000000000000
88 .23000000000000000000
89 .18000000000000000000
90 .13000000000000000000
91 .08000000000000000000
92 .05000000000000000000
93 .05000000000000000000
94 .04000000000000000000
95 .04000000000000000000
96 .03000000000000000000
97 .03000000000000000000
98 .01000000000000000000
99 0
100 0
