
0 1
1 1.00000000000000000000
2 1.00000000000000000000
3 1.00000000000000000000
4 1.00000000000000000000
5 1.00000000000000000000
6 1.00000000000000000000
7 1.00000000000000000000
8 1.00000000000000000000
9 1.00000000000000000000
10 .99000000000000000000
11 .98000000000000000000
12 .97000000000000000000
13 .92000000000000000000
14 .90000000000000000000
15 .89000000000000000000
16 .84000000000000000000
17 .81000000000000000000
18 .77000000000000000000
19 .75000000000000000000
20 .71000000000000000000
21 .68000000000000000000
22 .63000000000000000000
23 .56000000000000000000
24 .54000000000000000000
25 .47000000000000000000
26 .44000000000000000000
27 .42000000000000000000
28 .38000000000000000000
29 .34000000000000000000
30 .32000000000000000000
31 .32000000000000000000
32 .29000000000000000000
33 .26000000000000000000
34 .24000000000000000000
35 .19000000000000000000
36 .19000000000000000000
37 .18000000000000000000
38 .17000000000000000000
39 .16000000000000000000
40 .14000000000000000000
41 .13000000000000000000
42 .11000000000000000000
43 .10000000000000000000
44 .10000000000000000000
45 .09000000000000000000
46 .08000000000000000000
47 .08000000000000000000
48 .06000000000000000000
49 .06000000000000000000
50 .05000000000000000000
51 .05000000000000000000
52 .05000000000000000000
53 .04000000000000000000
54 .04000000000000000000
55 .03000000000000000000
56 0
57 0
58 0
59 0
60 0
61 0
62 0
63 0
64 0
65 0
66 0
67 0
68 0
69 0
70 0
71 0
72 0
73 0
74 0
75 0
76 0
77 0
78 0
79 0
80 0
81 0
82 0
83 0
84 0
85 0
86 0
87 0
88 0
89 0
90 0
91 0
92 0
93 0
94 0
95 0
96 0
97 0
98 0
99 0
100 0
