
0 1
1 1
2 1
3 1
4 1
5 1
6 1
7 1
8 1
9 1
10 1
11 1
12 1
13 1
14 1
15 1
16 1
17 1
18 1
19 1
20 1
21 1
22 1
23 1
24 1
25 1
26 1
27 1
28 1
29 1
30 1
31 1
32 1
33 1
34 1
35 1
36 1
37 1
38 1
39 1
40 1
41 1
42 1
43 1
44 1
45 1
46 1
47 1
48 1
49 1
50 1.00000000000000000000
51 1.00000000000000000000
52 1.00000000000000000000
53 .99000000000000000000
54 .96000000000000000000
55 .95000000000000000000
56 .94000000000000000000
57 .93000000000000000000
58 .92000000000000000000
59 .91000000000000000000
60 .90000000000000000000
61 .87000000000000000000
62 .86000000000000000000
63 .85000000000000000000
64 .84000000000000000000
65 .80000000000000000000
66 .79000000000000000000
67 .76000000000000000000
68 .73000000000000000000
69 .67000000000000000000
70 .65000000000000000000
71 .62000000000000000000
72 .58000000000000000000
73 .53000000000000000000
74 .47000000000000000000
75 .46000000000000000000
76 .41000000000000000000
77 .37000000000000000000
78 .33000000000000000000
79 .30000000000000000000
80 .25000000000000000000
81 .22000000000000000000
82 .19000000000000000000
83 .17000000000000000000
84 .17000000000000000000
85 .12000000000000000000
86 .09000000000000000000
87 .07000000000000000000
88 .05000000000000000000
89 .02000000000000000000
90 .02000000000000000000
91 .01000000000000000000
92 0
93 0
94 0
95 0
96 0
97 0
98 0
99 0
100 0
