
0 1
1 1
2 1
3 1
4 1
5 1
6 1
7 1
8 1
9 1
10 1
11 1
12 1
13 1
14 1
15 1
16 1
17 1
18 1
19 1
20 1
21 1
22 1
23 1
24 1
25 1
26 1
27 1
28 1
29 1
30 1.00000000000000000000
31 1.00000000000000000000
32 1.00000000000000000000
33 1.00000000000000000000
34 1.00000000000000000000
35 1.00000000000000000000
36 1.00000000000000000000
37 1.00000000000000000000
38 1.00000000000000000000
39 1.00000000000000000000
40 1.00000000000000000000
41 1.00000000000000000000
42 1.00000000000000000000
43 1.00000000000000000000
44 1.00000000000000000000
45 1.00000000000000000000
46 1.00000000000000000000
47 1.00000000000000000000
48 1.00000000000000000000
49 1.00000000000000000000
50 1.00000000000000000000
51 1.00000000000000000000
52 1.00000000000000000000
53 1.00000000000000000000
54 1.00000000000000000000
55 1.00000000000000000000
56 1.00000000000000000000
57 1.00000000000000000000
58 1.00000000000000000000
59 1.00000000000000000000
60 1.00000000000000000000
61 1.00000000000000000000
62 .82000000000000000000
63 .50000000000000000000
64 .22000000000000000000
65 .08000000000000000000
66 .02000000000000000000
67 .01000000000000000000
68 .01000000000000000000
69 0
70 0
71 0
72 0
73 0
74 0
75 0
76 0
77 0
78 0
79 0
80 0
81 0
82 0
83 0
84 0
85 0
86 0
87 0
88 0
89 0
90 0
91 0
92 0
93 0
94 0
95 0
96 0
97 0
98 0
99 0
100 0
