
0 1
1 1
2 1
3 1
4 1
5 1
6 1
7 1
8 1
9 1
10 1
11 1
12 1
13 1
14 1
15 1
16 1
17 1
18 1
19 1
20 1
21 1
22 1
23 1
24 1
25 1
26 1
27 1
28 1
29 1
30 1.00000000000000000000
31 1.00000000000000000000
32 1.00000000000000000000
33 1.00000000000000000000
34 1.00000000000000000000
35 1.00000000000000000000
36 1.00000000000000000000
37 1.00000000000000000000
38 1.00000000000000000000
39 1.00000000000000000000
40 .99000000000000000000
41 .98000000000000000000
42 .97000000000000000000
43 .96000000000000000000
44 .95000000000000000000
45 .94000000000000000000
46 .92000000000000000000
47 .90000000000000000000
48 .90000000000000000000
49 .88000000000000000000
50 .85000000000000000000
51 .81000000000000000000
52 .80000000000000000000
53 .77000000000000000000
54 .76000000000000000000
55 .67000000000000000000
56 .66000000000000000000
57 .59000000000000000000
58 .55000000000000000000
59 .51000000000000000000
60 .47000000000000000000
61 .43000000000000000000
62 .38000000000000000000
63 .32000000000000000000
64 .29000000000000000000
65 .24000000000000000000
66 .22000000000000000000
67 .20000000000000000000
68 .19000000000000000000
69 .16000000000000000000
70 .14000000000000000000
71 .10000000000000000000
72 .07000000000000000000
73 .06000000000000000000
74 .04000000000000000000
75 .01000000000000000000
76 .01000000000000000000
77 0
78 0
79 0
80 0
81 0
82 0
83 0
84 0
85 0
86 0
87 0
88 0
89 0
90 0
91 0
92 0
93 0
94 0
95 0
96 0
97 0
98 0
99 0
100 0
