
0 1
1 1
2 1
3 1
4 1
5 1
6 1
7 1
8 1
9 1
10 1
11 1
12 1
13 1
14 1
15 1
16 1
17 1
18 1
19 1
20 1
21 1
22 1
23 1
24 1
25 1
26 1
27 1
28 1
29 1
30 1.00000000000000000000
31 1.00000000000000000000
32 1.00000000000000000000
33 1.00000000000000000000
34 1.00000000000000000000
35 1.00000000000000000000
36 1.00000000000000000000
37 1.00000000000000000000
38 1.00000000000000000000
39 1.00000000000000000000
40 1.00000000000000000000
41 1.00000000000000000000
42 1.00000000000000000000
43 1.00000000000000000000
44 1.00000000000000000000
45 1.00000000000000000000
46 1.00000000000000000000
47 1.00000000000000000000
48 1.00000000000000000000
49 1.00000000000000000000
50 1.00000000000000000000
51 1.00000000000000000000
52 1.00000000000000000000
53 1.00000000000000000000
54 1.00000000000000000000
55 1.00000000000000000000
56 1.00000000000000000000
57 1.00000000000000000000
58 1.00000000000000000000
59 1.00000000000000000000
60 1.00000000000000000000
61 1.00000000000000000000
62 1.00000000000000000000
63 1.00000000000000000000
64 1.00000000000000000000
65 1.00000000000000000000
66 1.00000000000000000000
67 1.00000000000000000000
68 1.00000000000000000000
69 1.00000000000000000000
70 1.00000000000000000000
71 .99000000000000000000
72 .94000000000000000000
73 .89000000000000000000
74 .85000000000000000000
75 .75000000000000000000
76 .70000000000000000000
77 .61000000000000000000
78 .48000000000000000000
79 .37000000000000000000
80 .32000000000000000000
81 .24000000000000000000
82 .19000000000000000000
83 .13000000000000000000
84 .10000000000000000000
85 .07000000000000000000
86 .04000000000000000000
87 .02000000000000000000
88 .01000000000000000000
89 .01000000000000000000
90 .01000000000000000000
91 0
92 0
93 0
94 0
95 0
96 0
97 0
98 0
99 0
100 0
