
0 1
1 1
2 1
3 1
4 1
5 1
6 1
7 1
8 1
9 1
10 1
11 1
12 1
13 1
14 1
15 1
16 1
17 1
18 1
19 1
20 1
21 1
22 1
23 1
24 1
25 1
26 1
27 1
28 1
29 1
30 1.00000000000000000000
31 1.00000000000000000000
32 1.00000000000000000000
33 1.00000000000000000000
34 1.00000000000000000000
35 1.00000000000000000000
36 1.00000000000000000000
37 1.00000000000000000000
38 1.00000000000000000000
39 1.00000000000000000000
40 .99000000000000000000
41 .99000000000000000000
42 .99000000000000000000
43 .96000000000000000000
44 .96000000000000000000
45 .95000000000000000000
46 .94000000000000000000
47 .94000000000000000000
48 .93000000000000000000
49 .92000000000000000000
50 .92000000000000000000
51 .90000000000000000000
52 .88000000000000000000
53 .87000000000000000000
54 .85000000000000000000
55 .84000000000000000000
56 .82000000000000000000
57 .80000000000000000000
58 .71000000000000000000
59 .66000000000000000000
60 .64000000000000000000
61 .59000000000000000000
62 .56000000000000000000
63 .51000000000000000000
64 .49000000000000000000
65 .46000000000000000000
66 .42000000000000000000
67 .38000000000000000000
68 .33000000000000000000
69 .27000000000000000000
70 .22000000000000000000
71 .19000000000000000000
72 .16000000000000000000
73 .15000000000000000000
74 .14000000000000000000
75 .13000000000000000000
76 .10000000000000000000
77 .09000000000000000000
78 .08000000000000000000
79 .06000000000000000000
80 .05000000000000000000
81 .04000000000000000000
82 .03000000000000000000
83 .03000000000000000000
84 .02000000000000000000
85 .02000000000000000000
86 .01000000000000000000
87 0
88 0
89 0
90 0
91 0
92 0
93 0
94 0
95 0
96 0
97 0
98 0
99 0
100 0
