
0 1
1 1
2 1
3 1
4 1
5 1
6 1
7 1
8 1
9 1
10 1
11 1
12 1
13 1
14 1
15 1
16 1
17 1
18 1
19 1
20 1.00000000000000000000
21 1.00000000000000000000
22 .99000000000000000000
23 .98000000000000000000
24 .95000000000000000000
25 .94000000000000000000
26 .94000000000000000000
27 .91000000000000000000
28 .89000000000000000000
29 .89000000000000000000
30 .88000000000000000000
31 .85000000000000000000
32 .82000000000000000000
33 .80000000000000000000
34 .77000000000000000000
35 .77000000000000000000
36 .77000000000000000000
37 .76000000000000000000
38 .72000000000000000000
39 .67000000000000000000
40 .63000000000000000000
41 .61000000000000000000
42 .57000000000000000000
43 .57000000000000000000
44 .56000000000000000000
45 .51000000000000000000
46 .47000000000000000000
47 .45000000000000000000
48 .40000000000000000000
49 .39000000000000000000
50 .35000000000000000000
51 .33000000000000000000
52 .31000000000000000000
53 .28000000000000000000
54 .28000000000000000000
55 .26000000000000000000
56 .21000000000000000000
57 .20000000000000000000
58 .19000000000000000000
59 .17000000000000000000
60 .16000000000000000000
61 .14000000000000000000
62 .13000000000000000000
63 .13000000000000000000
64 .12000000000000000000
65 .12000000000000000000
66 .12000000000000000000
67 .08000000000000000000
68 .08000000000000000000
69 .07000000000000000000
70 .07000000000000000000
71 .07000000000000000000
72 .06000000000000000000
73 .05000000000000000000
74 .05000000000000000000
75 .04000000000000000000
76 0
77 0
78 0
79 0
80 0
81 0
82 0
83 0
84 0
85 0
86 0
87 0
88 0
89 0
90 0
91 0
92 0
93 0
94 0
95 0
96 0
97 0
98 0
99 0
100 0
